0000000100000010100100100001000000010101
0000000100000010110100100001000000000011
0000000100000010111000100001000000011001
0000000100000001100100000101000000100100
0010000100000001100100000001000000000011
0000010100000010100000100001000000000011
0000000100000001010100000101000000101010
0010000100000001010100001111000000000011
1111111100000000000000000000000000000000
0000000000000000000000000000000000000000
0000000000000000000000000000000000000000
0000000000000000000000000000000000000000
0000000000000000000000000000000000000000
0000000000000000000000000000000000000000
0000000000000000000000000000000000000000
0000000000000000000000000000000000000000
0000000000000000000000000000000000000000
0000000000000000000000000000000000000000
0000000000000000000000000000000000000000
0000000000000000000000000000000000000000
0000000000000000000000000000000000000000
1111111111111111111111111111111111111111
0000000000000000000000000000000000000000
0000000000000000000000000000000000000000
0000000000000000000000000000000000000000
0000000000000000000000000000000010010110
0000000000000000000000000000000000000000
0000000000000000000000000000000000000000
0000000000000000000000000000000000000000
0000000000000000000000000000000000000000
0000000000000000000000000000000000001010
0000000000000000000000000000000000010100
0000000000000000000000000000000000011110
0000000000000000000000000000000000101000
0000000000000000000000000000000000110010
0000000000000000000000000000000000000000
0000000000000000000000000000000000000000
0000000000000000000000000000000000000000
0000000000000000000000000000000000000000
0000000000000000000000000000000000000000
0000000000000000000000000000000000000001
0000000000000000000000000000000000000101
1111111111111111111111111111111111111111
0000000000000000000000000000000000000000
0000000000000000000000000000000000000000
0000000100000001100100000101000000011110
0000000000000000000000000000000000000000
